canvas 0 0 500 500
shape sky rectangle
shape sun ellipse
shape star1 plus
shape star2 plus
shape star3 plus
shape star4 plus
shape star5 plus
shape star6 plus
shape star7 plus
shape star8 plus
shape star9 plus
shape star10 plus
shape water rectangle
motion sky 0 0 0 500 350 95 179 227 25 0 0 500 350 240 77 74
motion sky 25 0 0 500 350 240 77 74 100 0 0 500 350 08 00 94
motion sky 100 0 0 500 350 08 00 94 150 0 0 500 350 08 00 94
motion sun 0 210 0 80 80 245 204 42 50 210 310 80 80 230 95 71
motion sun 50 210 310 80 80 230 95 71 100 210 310 80 80 255 255 255
motion sun 100 210 310 80 80 255 255 255 150 210 310 80 80 255 255 255
motion star1 50 30 -5 8 8 255 255 255 100 30 90 8 8 255 255 255
motion star1 100 30 90 8 8 255 255 255 150 30 90 8 8 255 255 255
motion star2 50 400 -5 8 8 255 255 255 100 400 120 8 8 255 255 255
motion star2 100 400 120 8 8 255 255 255 150 400 120 8 8 255 255 255
motion star3 50 300 -5 8 8 255 255 255 100 300 65 8 8 255 255 255
motion star3 100 300 65 8 8 255 255 255 150 300 65 8 8 255 255 255
motion star4 50 150 -5 8 8 255 255 255 100 150 200 8 8 255 255 255
motion star4 100 150 200 8 8 255 255 255 150 150 200 8 8 255 255 255
motion star5 50 420 -5 8 8 255 255 255 100 420 150 8 8 255 255 255
motion star5 100 420 150 8 8 255 255 255 150 420 150 8 8 255 255 255
motion star6 50 100 -5 8 8 255 255 255 100 100 110 8 8 255 255 255
motion star6 100 100 110 8 8 255 255 255 150 100 110 8 8 255 255 255
motion star7 50 200 -5 8 8 255 255 255 100 200 100 8 8 255 255 255
motion star7 100 200 100 8 8 255 255 255 150 200 100 8 8 255 255 255
motion star8 50 330 -5 8 8 255 255 255 100 330 95 8 8 255 255 255
motion star8 100 330 95 8 8 255 255 255 150 330 95 8 8 255 255 255
motion star9 50 475 -5 8 8 255 255 255 100 475 190 8 8 255 255 255
motion star9 100 475 190 8 8 255 255 255 150 475 190 8 8 255 255 255
motion star10 50 245 -5 8 8 255 255 255 100 245 160 8 8 255 255 255
motion star10 100 245 160 8 8 255 255 255 150 245 160 8 8 255 255 255
motion water 0 0 350 500 150 26 49 173 25 0 350 500 150 65 21 131
motion water 25 0 350 500 150 65 21 131 100 0 350 500 150 2 0 137
motion water 100 0 350 500 150 2 0 137 150 0 350 500 150 2 0 137

